-2.0176436347565097,-2.0810533027299765,-2.162277129740639,-0.8302069350585102,1.6092351010570596,-2.502947721776907,1.9055934386676068,2.454788506952263,-0.06311760817175438,-2.7179850038657047,1.02093832394113,-1.2972440928167095,2.109017925834814,-0.8186232067008596,-2.7594417448409185,1.481589450834674,-2.057400947979103,2.8955792432212526,-2.572334321188465,1.1660456398406627,2.41914593251885,-2.2956098991955076,-2.9404006096674165,0.9326456136668049,-1.1259331705779743,-2.4092321007063946,1.3440820630887265,2.635282824311716,-0.6513698825322223,-2.010768982179062,1.3027084086493197,0.522818193840771,1.3266459074891541,-2.763410192596406,-2.2178910735485884,0.3126164292967566,0.25034320687201017,-0.4065785296426716,2.020935732704017,2.715798341746183,2.855637918961313,-1.0158787818244728,-2.482379469142269,-0.013221239838902221,-1.4179864154843727,1.134927006328474,-1.1548339566416093,-2.7890837062568057,-1.3427044915252018,-2.9912674061724767,1.9960716954779345,-1.9692908254787316,2.6335478188686716,-2.0840555537910097,0.3160181613625834,-2.0386275646414806,0.4864197594142605,-0.7344219309641304,-2.709893453367009,-0.9312124915638522,-2.005371903295045,-2.8513378650482886,-2.828414576026491,-2.2917852388219275,-0.8824692137852446,-0.431633610798845,-1.0085710512516743,-1.047638359436627,-0.2502742115460226,1.0000867413992856,-2.7458254607130916,-1.2141375020002214,0.933657562904938,0.7559153687124311,-2.5693732984744972,-2.519221932402119,2.0148311495173665,2.013949696051416,0.8704817727926306,-2.3482862726885525,1.8132632087708878,-0.4221241670910576,-1.2022665147506915,0.7151498444987547,2.5118039318200163,-2.2644208844599776,-2.207168719067743,-1.4775720675530257,2.614602769310765,0.9455358930664661,0.34489850363063157,1.6788972733072587,1.7825968261845322
numHidden 	10
numGenes 	93
minGene 	-3.0
maxGene 	3.0
popSize 	50
maxEvaluations 	20000
tournamentSize 	7
reducePopSizeRate 	30
minPopSize 	20
mutateRate 	0.07
mutateChange 	0.1
crossoverProbability 	0.5
mutationProbability 	0.5
seed 	1585396937969
random 	java.util.Random@537fa08
neuralNetworkClass 	class coursework.ExampleEvolutionaryAlgorithm
Training Set Training
Fitness 0.020386299096860745