8 0.04 - 0.18550765749384246	
6 0.2 - 0.1157637373625962	
6 0.3 - 0.07330081554785184	
6 0.5 - 0.14294092723306803	
2 0.01 - 0.13971473541192456	
8 0.08 - 0.12702464722509635	
3 0.12 - 0.16044537646834275	
8 0.01 - 0.14239594925314517	
7 0.5 - 0.0346336965628617	
7 0.3 - 0.12608000100215908	
2 0.04 - 0.08085244101638464	
7 0.2 - 0.12831729477012238	
4 0.12 - 0.12666199169709377	
2 0.08 - 0.1236377555451788	
8 0.2 - 0.10716262942069696	
8 0.3 - 0.017448192426336155	
8 0.5 - 0.015647265751125957	
3 0.01 - 0.1841214816165183	
3 0.04 - 0.1537002073406497	
3 0.08 - 0.09987037230767445	
6 0.12 - 0.1332567005643116	
5 0.01 - 0.15836268379605428	
1 0.2 - 0.09503531486479712	
2 0.5 - 0.07491121989615479	
5 0.04 - 0.11942968018820647	
1 0.3 - 0.09981628780873965	
2 0.3 - 0.053848303785190184	
2 0.2 - 0.009922328512294881	
1 0.5 - 0.10432991440519973	
6 0.08 - 0.1441543008724979	
6 0.04 - 0.11790090373574214	
3 0.3 - 0.12605989363249082	
6 0.01 - 0.13718859362393598	
3 0.5 - 0.09516470438305934	
1 0.12 - 0.1264103832979336	
3 0.2 - 0.1407324275335105	
5 0.08 - 0.1273203435103878	
7 0.12 - 0.1502711909947454	
5 0.12 - 0.10820791120997061	
1 0.08 - 0.1270801552144974	
4 0.2 - 0.09722504037518634	
4 0.3 - 0.1100922766999439	
2 0.12 - 0.12283354114133144	
1 0.04 - 0.13011356227296314	
4 0.08 - 0.14846674394333115	
4 0.5 - 0.06854280544923055	
8 0.12 - 0.1280718739045723	
5 0.3 - 0.09793056582396482	
5 0.2 - 0.10027457134419948	
5 0.5 - 0.0852369704465909	
1 0.01 - 0.14568639955459806	
7 0.04 - 0.12045523420071916	
7 0.01 - 0.15572138970837573	
4 0.04 - 0.15700173904478396	
7 0.08 - 0.10805282804820525	
4 0.01 - 0.1557426387758515	
