8 0.04 - 0.06912200949297767	
6 0.2 - 0.09763747957346217	
6 0.3 - 0.05850429332313137	
6 0.5 - 0.10329319299978523	
2 0.01 - 0.15365266878042652	
8 0.08 - 0.11446085369360043	
3 0.12 - 0.10356802922042642	
8 0.01 - 0.15803082854452308	
7 0.5 - 0.0928307650205314	
7 0.3 - 0.11086357579284006	
2 0.04 - 0.14830594138348963	
7 0.2 - 0.07264248587129979	
4 0.12 - 0.09907001832749146	
2 0.08 - 0.12566596732916602	
8 0.2 - 0.0984655890746669	
8 0.3 - 0.1212548373540223	
8 0.5 - 0.10029871245397949	
3 0.01 - 0.13610749304903647	
3 0.04 - 0.10766258120507219	
3 0.08 - 0.10158029310453284	
6 0.12 - 0.12295790941056761	
5 0.01 - 0.07932457071501892	
1 0.2 - 0.013569760648694713	
2 0.5 - 0.06708097409314173	
5 0.04 - 0.14691329872917813	
1 0.3 - 0.10633747238693375	
2 0.3 - 0.02017461195424672	
2 0.2 - 0.031017837236530427	
1 0.5 - 0.023854357987688046	
6 0.08 - 0.17031436880298195	
6 0.04 - 0.10783587123576328	
3 0.3 - 0.035651393708450066	
6 0.01 - 0.06777333723388781	
3 0.5 - 0.12488417802999002	
1 0.12 - 0.1089102634440018	
3 0.2 - 0.10759209096452148	
5 0.08 - 0.04767306535424661	
7 0.12 - 0.1476685395814204	
5 0.12 - 0.04440174270364437	
1 0.08 - 0.12712446400773997	
4 0.2 - 0.11252167984587781	
4 0.3 - 0.09984817675762916	
2 0.12 - 0.12609615840779753	
1 0.04 - 0.1467999814471723	
4 0.08 - 0.10584624462152672	
4 0.5 - 0.09676975826973828	
8 0.12 - 0.14200980172005173	
5 0.3 - 0.09959794347233518	
5 0.2 - 0.1418661674113632	
5 0.5 - 0.07522692188207877	
1 0.01 - 0.02106409456199652	
7 0.04 - 0.055665629452179136	
7 0.01 - 0.11442357842829351	
4 0.04 - 0.12869490576801743	
7 0.08 - 0.05947487483777826	
4 0.01 - 0.11975938664803513	
