2 15 - 0.07718923982173864	
1 5 - 0.12498218653697243	
2 5 - 0.05017510742604302	
3 5 - 0.1287997504508058	
1 7 - 0.1226079432306128	
4 15 - 0.10211568970997986	
4 5 - 0.05204451556655457	
2 7 - 0.21121637908307078	
5 5 - 0.10296472290738744	
3 7 - 0.12162977392613215	
6 5 - 0.10896947355581052	
4 7 - 0.06273713175446313	
7 5 - 0.10183089996908994	
5 7 - 0.10211587964015612	
8 5 - 0.12343333203803689	
6 7 - 0.11543130447825983	
7 7 - 0.10596831788020103	
8 7 - 0.26986102376802495	
6 10 - 0.12487862390062082	
5 20 - 0.11165862776261827	
4 10 - 0.12809353636163673	
8 15 - 0.11091665783725452	
6 15 - 0.11761430388741682	
2 10 - 0.12029406970329766	
1 20 - 0.125317330785128	
3 20 - 0.12475394863527824	
8 10 - 0.09823221467516566	
7 20 - 0.11530410115575095	
1 15 - 0.08158822964937179	
3 15 - 0.07619494279541182	
7 10 - 0.17807035777646654	
6 20 - 0.04429473670955624	
5 10 - 0.15461924181447492	
4 20 - 0.1298539947092451	
7 15 - 0.12183777301492957	
5 15 - 0.1188916984479024	
1 10 - 0.11171173729542623	
3 10 - 0.10791565890982088	
2 20 - 0.12184549179099656	
8 20 - 0.10563330635255458	
