5 20 - 0.13930350446631143	
4 30 - 0.1143535681484947	
8 50 - 0.11673775173223645	
1 20 - 0.10942351175423537	
3 20 - 0.11248953380430501	
2 30 - 0.11046679441363036	
8 30 - 0.0711002610460166	
7 40 - 0.11355296908862637	
6 50 - 0.05640775913521401	
1 40 - 0.12006429402233573	
7 20 - 0.08759922039533106	
6 30 - 0.1105421709501252	
3 40 - 0.10632985461186341	
2 50 - 0.10715452263305361	
5 40 - 0.13864259700906215	
4 50 - 0.13792731639238837	
5 30 - 0.10803106968355931	
4 40 - 0.05436905747252313	
6 20 - 0.0639881971915435	
4 20 - 0.08969132313496814	
1 30 - 0.11453352292547206	
2 20 - 0.1251656061766517	
1 50 - 0.11426910128484233	
3 30 - 0.12536242414507087	
2 40 - 0.088175940498962	
8 40 - 0.0879591372313964	
7 50 - 0.1935227526677038	
5 50 - 0.10452764623555665	
8 20 - 0.1049658891503492	
7 30 - 0.12618374597151738	
6 40 - 0.09918670269032859	
3 50 - 0.10685590188501927	
