6 2.0 - 0.1137748713046653	
6 4.0 - 0.12285400970896271	
6 0.5 - 0.12382625085636441	
1 1.0 - 0.1216293443140424	
2 5.0 - 0.10627530471396773	
6 6.0 - 0.08073041436331735	
1 3.0 - 0.11265819996144448	
2 3.0 - 0.04504395135245089	
1 5.0 - 0.043181867963029585	
2 1.0 - 0.10983043055055824	
3 5.0 - 0.1297313065697725	
3 3.0 - 0.08753799930647052	
7 0.75 - 0.10907241340494479	
7 0.5 - 0.14417214595620387	
7 6.0 - 0.12893842444315007	
3 1.0 - 0.12229676473747396	
7 4.0 - 0.13487963860987348	
1 0.75 - 0.1323745198090507	
7 2.0 - 0.07087533133943291	
2 0.75 - 0.12266103452017212	
4 3.0 - 0.11076694397081767	
4 5.0 - 0.08423498427970336	
8 2.0 - 0.12160819261574751	
8 4.0 - 0.10178398877543404	
8 0.5 - 0.13554307540776964	
4 1.0 - 0.049217046874519756	
8 0.75 - 0.1262742411467402	
5 0.75 - 0.10701376939638654	
5 3.0 - 0.08511792776049287	
5 1.0 - 0.11796165632528728	
8 6.0 - 0.11769098663707865	
5 5.0 - 0.12219498539993974	
6 1.0 - 0.11081918451124091	
6 3.0 - 0.11422946754443616	
1 2.0 - 0.09886985686261457	
6 5.0 - 0.13818867075399774	
2 6.0 - 0.13411731584883674	
2 0.5 - 0.06916859161757827	
1 4.0 - 0.10433824643893434	
2 4.0 - 0.06328533502300833	
1 6.0 - 0.060450451584718894	
1 0.5 - 0.1311360064235522	
3 0.75 - 0.13378538684245259	
2 2.0 - 0.1114671169137107	
3 6.0 - 0.12596975511765582	
3 0.5 - 0.10322363570964074	
3 4.0 - 0.09201095455300866	
7 5.0 - 0.11637964745169471	
3 2.0 - 0.09135743612078516	
7 3.0 - 0.1182261837977926	
7 1.0 - 0.10125083782047962	
4 0.75 - 0.1415286264487662	
4 6.0 - 0.11421350806235347	
4 2.0 - 0.12095167320026275	
4 4.0 - 0.10870024520519384	
4 0.5 - 0.08927276267761661	
8 3.0 - 0.11528350578158461	
8 5.0 - 0.13369223026300409	
8 1.0 - 0.09495355392331509	
5 4.0 - 0.0525089277169611	
5 2.0 - 0.12512487943748016	
5 0.5 - 0.12180117407809034	
5 6.0 - 0.11015451124563376	
6 0.75 - 0.11925241721563207	
