2 15 - 0.2840095017745339	
1 5 - 0.10100105786603047	
2 5 - 0.11735858920278346	
3 5 - 0.02810702320109591	
4 15 - 0.1475739585638649	
4 5 - 0.11477147963201494	
5 5 - 0.11147825516513006	
6 5 - 0.14385882850975648	
7 5 - 0.23504163779857148	
8 5 - 0.12174956147463117	
6 10 - 0.12807914275064106	
5 20 - 0.1643080039017156	
4 30 - 0.0999508458874644	
4 10 - 0.0884752014283852	
8 15 - 0.12894147529836658	
6 15 - 0.28910244875720886	
2 10 - 0.1298391314551581	
1 20 - 0.12629521780474445	
3 20 - 0.0836468936677629	
2 30 - 0.02385127244678743	
8 30 - 0.13117454233963532	
8 10 - 0.12656229636241756	
7 20 - 0.1263984407682022	
6 30 - 0.12095540868215855	
1 15 - 0.15105381179088626	
3 15 - 0.11179472659481358	
5 30 - 0.09518109645462546	
7 10 - 0.12979322746229646	
6 20 - 0.14889086993638434	
5 10 - 0.1287841373207473	
4 20 - 0.11166934644535911	
7 15 - 0.10641543020692254	
5 15 - 0.12821834899104861	
1 10 - 0.28910244875720886	
1 30 - 0.035396453987796415	
3 10 - 0.1285998202150177	
2 20 - 0.26253746531174	
3 30 - 0.1033241036525823	
8 20 - 0.14908017709401955	
7 30 - 0.11184542103501349	
