8 150 - 0.037073701960221625	
6 125 - 0.0973272823611474	
3 150 - 0.1167094859165615	
1 100 - 0.09631614881867215	
1 125 - 0.1448493449746813	
2 125 - 0.09346366261952829	
2 100 - 0.10280326313964665	
4 150 - 0.12332124827616275	
6 100 - 0.12363666273578747	
5 20 - 0.14852540589877933	
6 75 - 0.10652545148830939	
2 150 - 0.06934441877659044	
4 75 - 0.10020717412497457	
3 100 - 0.11891975137473061	
8 50 - 0.08511403272780158	
3 125 - 0.14018668094329154	
1 20 - 0.059079624143361514	
2 75 - 0.12482448119530491	
5 150 - 0.1078592776317606	
3 20 - 0.08607081743970099	
6 50 - 0.12167458206760134	
1 150 - 0.12891117109154027	
7 125 - 0.10671146931247953	
7 20 - 0.1256162483743594	
2 50 - 0.12682974432549263	
7 100 - 0.10469867581384461	
4 50 - 0.12343603503652595	
8 75 - 0.09554247843716678	
4 125 - 0.08037685853094688	
8 125 - 0.11042315654645261	
4 100 - 0.12298397080326917	
6 150 - 0.11538469351859934	
8 100 - 0.10110853968374166	
6 20 - 0.08130228576300264	
5 75 - 0.08203866565907342	
4 20 - 0.11063651653330654	
5 125 - 0.11501009193483518	
7 150 - 0.08265842120361222	
2 20 - 0.10852231647199034	
1 75 - 0.13110336153400606	
1 50 - 0.12905602813824912	
3 75 - 0.10710344064625794	
5 100 - 0.10635532713080208	
7 50 - 0.12464998171733059	
5 50 - 0.11547702735099806	
7 75 - 0.07159007815212877	
8 20 - 0.02211661596444067	
3 50 - 0.11664165075741541	
